20 1
45 79
18 68
18 78
9 73
9 76
0 63
17 40
32 96
82 26
80 55
96 59
72 93
60 88
80 6
28 33
83 8
84 22
30 13
47 85
27 59
74 84
50 57
62 38
21 27
23 67
75 48
72 65
62 90
77 44
45 73
31 53
53 12
31 19
41 79
71 43
27 71
86 25
49 3
6 50
46 15
16 46
73 10
28 30
83 67
24 59
23 71
93 67
27 97
20 62
96 48
47 49
98 12
44 66
43 14
30 31
16 25
87 65
26 38
98 16
65 1
96 25
26 12
78 81
64 7
41 66
98 54
89 69
48 17
57 37
39 36
80 57
1 89
8 7
64 53
58 61
36 15
58 99
96 49
33 32
49 36
88 71
61 97
64 90
95 63
18 88
23 4
92 43
12 14
9 72
70 37
87 25
95 56
27 91
5 92
77 52
76 89
48 64
48 49
6 75
75 1
92 94
9 86
33 56
11 12
60 19
99 8
55 87
80 25
27 54
33 44
68 66
58 38
70 10
18 58
17 13
95 33
56 54
77 13
58 95
72 21
80 65
63 22
75 13
37 8
94 30
94 40
35 6
26 91
39 45
58 43
6 39
35 96
30 98
1 42
62 37
34 7
14 10
54 90
97 22
16 37
61 7
11 23
94 23
82 54
39 70
32 48
44 3
11 19
41 81
88 3
61 17
4 38
8 36
61 83
31 8
84 42
94 44
34 85
46 7
0 36
50 67
59 10
20 91
24 16
72 81
39 57
95 76
97 12
34 53
0 40
43 52
50 52
35 67
58 78
3 7
23 51
96 85
84 40
56 60
5 26
55 83
74 24
28 32
83 90
16 83
92 7
75 24
62 98
60 79
84 44
70 77
18 74
5 88
93 60
89 43
77 71
0 5
9 14
33 51
45 3
17 69
5 76
50 68
55 10
35 51
55 61
29 69
74 43
84 71
5 15
20 86
83 89
32 53
95 82
76 53
97 2
28 2
24 78
76 22
86 50
35 2
23 40
45 14
63 51
90 22
38 15
95 59
92 17
99 19
30 64
41 20
47 42
60 8
70 63
80 86
71 73
11 69
56 4
68 10
84 93
50 65
47 80
31 45
32 77
41 27
89 67
93 15
91 52
31 7
44 14
21 68
29 10
18 13
73 25
47 15
4 42
32 43
54 66
65 2
9 58
40 85
13 79
35 42
88 66
80 78
4 79
72 36
42 73
37 90
70 2
13 64
95 97
32 46
11 53
59 52
33 81
35 74
69 8
57 81
74 66
21 82
41 37
67 59
5 53
24 61
69 2
49 64
56 93
70 90
11 77
23 26
93 36
56 79
93 42
55 81
51 69
34 46
47 92
92 82
9 87
29 41
0 21
63 89
37 46
47 1
28 62
28 39
28 94
20 87
6 78
65 57
99 21
81 25
27 31
34 3
48 51
20 89
17 26
13 45
71 19
45 66
4 51
69 44
2 91
9 38
20 22
46 10
86 87
41 55
68 30
98 34
99 76
5 85
29 63
49 40
82 1
72 14
6 33
11 52
83 79
28 34
0 88
99 52
6 91
74 25
68 85
54 60
18 35
60 66
67 42
61 2
29 4
18 49
82 85
0 94
75 84
87 78
48 57
91 36
78 40
94 62
64 38
97 81
99 96
77 91
24 52
29 88
16 14
50 15
74 22
31 3
0 34
12 19
29 51
39 68
92 76
97 57
59 19
4 82
75 12
54 1
29 15
90 73
56 46
72 86
30 22
11 86
17 3
24 38
63 98
39 99
62 87
21 26
98 79
75 16
47 21
70 85
19 73
55 65