96 28
0 67
47 43
47 9
99 39
77 22
8 87
76 35
39 42
73 28
63 32
60 52
99 24
28 33
63 13
92 58
90 15
2 34
62 78
9 8
61 84
31 39
79 59
16 88
98 15
6 51
21 7
99 11
7 22
53 97
70 49
56 91
91 67
56 15
89 65
15 48
69 19
25 65
55 33
66 19
75 41
20 24
83 14
92 91
1 76
50 19
6 32
82 58
65 93
96 73
3 55
9 63
62 0
52 67
70 83
62 18
90 4
68 51
35 27
78 56
1 75
3 42
35 72
73 72
54 91
77 40
78 4
87 18
53 59
12 29
43 10
9 41
87 33
13 29
58 56
94 12
48 45
17 27
60 62
64 75
55 51
57 70
7 29
58 37
5 39
47 61
6 73
17 93
33 27
77 29
16 29
68 57
94 68
65 52
8 11
88 38
79 82
55 65
53 30
6 76
66 3
17 53
99 32
21 78
23 25
38 14
31 98
3 61
9 22
61 4
64 49
97 68
94 37
16 57
47 80
1 32
5 96
40 44
53 15
17 14
99 66
9 10
98 58
21 72
75 70
11 26
92 83
71 24
35 19
43 90
94 69
66 38
71 78
97 10
87 74
7 13
37 12
67 41
24 28
85 54
20 70
42 74
11 25
92 53
51 69
43 60
39 44
93 45
6 66
77 99
57 48
42 84
44 83
13 52
7 98
56 72
2 44
11 76
54 67
26 95
63 44
79 61
95 93
25 43
50 59
81 42
25 3
5 92
85 84
54 15
63 61
70 22
79 84
71 5
94 95
14 45
6 18
60 58
2 62
40 35
8 95
3 45
31 26
92 69
90 26
20 90
17 62
21 68
16 97
34 95
2 50
16 37
47 17
36 35
82 20
32 30
88 58
63 46
77 10
64 54
0 74
1 74
8 28
46 19
42 56
71 80
3 41
89 40
86 72
2 29
36 38
40 18
90 52
39 54
5 78
79 83
85 74
92 42
2 28
79 48
25 24
71 40
6 82
0 45
46 85
72 27
72 22
94 49
17 94
31 69
97 73
89 79
80 56
28 34
16 18
9 14
33 67
23 86
64 83
97 45
86 88
46 98
80 81
91 75
39 91
89 35
32 0
82 83
30 22
91 93
83 48
98 20
36 72
47 21
49 27
80 10
51 32
60 57
38 35
1 38
77 2
85 4
34 49
71 11
57 0
9 81
44 33
81 48
13 30
75 10
88 87
34 87
94 65
60 78
23 60
95 22
64 93
71 4
59 48
12 14
86 19
98 74
77 76
59 30
36 89
50 60
4 41
55 74
64 34
16 76
23 12
6 26
68 0
64 40
82 57
42 1
34 15
37 10
80 27
81 0
99 10
36 88
8 2
46 12
75 29
80 23
5 13
5 88
5 7
96 54
66 43
1 61
31 86
22 41
61 69
37 49
55 79
96 19
65 91
34 45
15 93
84 52
51 18
4 30
75 18
77 31
96 39
26 27
25 87
89 76
97 65
62 33
31 85
8 37
36 96
55 14
73 24
81 82
66 69
23 82
90 84
92 52
63 87
31 50
66 54
86 85
97 38
24 48
47 71
28 49
12 84
7 90
36 46
47 11
73 20
63 69
21 4
68 19
53 33
30 67
73 45
11 23
58 52
24 59
43 13
53 13
50 88
89 17
20 93
46 76
86 67
56 26
8 50
57 41
89 99
43 95
81 32
85 29
95 84
44 51
21 64
38 27
36 86
70 41
40 26
81 96
62 51
23 18
1 59
50 20
46 70
25 37
7 55
98 59
78 74
21 12
80 44
16 14
30 49
3 68